
   *** Bell Statistics Summary
       ------------------------------------------------------------------------------------------------------------
         Bell Number:       1      2      3      4      5      6      7      8      9      0      E      T    
       ------------------------------------------------------------------------------------------------------------
         Mean Error: All    -3.9   19.2      4    3.9     -8   -8.1   -7.7  -11.3   17.3   -4.5   -9.9    6.8 
                      Hs   -10.6   17.3   -2.9    2.7  -10.7      0   -1.8  -10.2    9.9    0.3  -10.1  -19.9 
                      Bs     2.8   21.2   10.9      5   -5.3  -16.3  -13.6  -12.4   24.7   -9.5   -9.6   33.7 
        
         Std  Error: All    26.8   22.6   25.5   27.9   31.2   26.5   26.3   24.5   26.8   28.9   23.9   35.3 
                      Hs    30.4   24.8   27.3     28   34.1   27.5   28.1   26.8   26.4   29.8   23.7     24 
                      Bs    20.7   20.1   21.6   27.9   27.9   22.8     23     22   25.1   27.2   24.1   22.1 
        
         Rms  Error: All    27.1   29.7   25.8   28.1   32.2   27.7   27.4   26.9   31.8   29.2   25.8   35.9 
                      Hs    32.1   30.2   27.3   28.1   35.6   27.4   28.1   28.5   28.1   29.7   25.7   31.1 
                      Bs    20.8   29.1   24.1   28.2   28.3     28   26.6   25.2   35.1   28.7   25.9   40.2 
       ------------------------------------------------------------------------------------------------------------
