
   *** Bell Statistics Summary
       ------------------------------------------------------------------------------------------------------------
         Bell Number:       1      2      3      4      5      6      7      8      9      0      E      T    
       ------------------------------------------------------------------------------------------------------------
         Mean Error: All     3.1    8.2    4.8    3.7   -5.7   -1.1   -6.6  -12.1    6.6   -6.7   -5.5    7.7 
                      Hs    -6.6    5.6    1.2      0   -9.2    3.5   -7.6  -15.6    3.7  -13.5   -7.6   -7.8 
                      Bs      13   10.9    8.4    7.5   -2.2   -5.8   -5.6   -8.6    9.5    0.2   -3.4   23.2 
        
         Std  Error: All      29   25.5   30.4   28.1   36.4   27.2   27.6   25.5   26.8   29.9   24.7   25.9 
                      Hs    29.4   25.3   27.8   26.8     40   26.7   29.8   26.1   24.4   31.5     28   21.7 
                      Bs    25.2   25.6   32.5     29   32.2   26.9   25.2   24.5   28.9   26.7   20.9   19.9 
        
         Rms  Error: All    29.1   26.8   30.7   28.3   36.8   27.1   28.3   28.2   27.5   30.6   25.3     27 
                      Hs      30   25.8   27.7   26.7   40.9   26.9   30.6   30.3   24.6   34.2   28.9     23 
                      Bs    28.2   27.8   33.4   29.8   32.1   27.4   25.7   25.9   30.3   26.6   21.1   30.5 
       ------------------------------------------------------------------------------------------------------------
