
   *** Bell Statistics Summary
       ------------------------------------------------------------------------------------------------------------
         Bell Number:       1      2      3      4      5      6      7      8      9      0      E      T    
       ------------------------------------------------------------------------------------------------------------
         Mean Error: All     8.6   -1.9    4.5    6.4   -6.7    0.9  -10.3  -10.6   10.7   -3.3   -4.8    4.3 
                      Hs     1.9  -10.1    4.8    1.7  -14.5    5.6   -9.9  -14.1      2   -7.8   -3.6   -6.5 
                      Bs    15.5    6.5    4.1   11.2    1.2   -3.9  -10.7     -7   19.5    1.2     -6   15.2 
        
         Std  Error: All    22.5   25.1   30.6   29.4     37   23.8   25.1   26.4   29.3   30.3   25.9   25.4 
                      Hs    20.3     25   31.9   28.6   37.1   23.9   25.9   29.1   30.5     34   27.1   23.4 
                      Bs    22.7   22.4   29.3   29.4   35.4   22.8   24.4   22.8   25.4   25.3   24.7   22.6 
        
         Rms  Error: All    24.1   25.1   30.8     30   37.6   23.8   27.1   28.3   31.2   30.4   26.3   25.7 
                      Hs    20.3   26.9   32.1   28.6   39.7   24.4   27.6   32.2   30.4   34.7   27.3   24.2 
                      Bs    27.4   23.2   29.5   31.4   35.3   23.1   26.6   23.8   31.9   25.3   25.4   27.2 
       ------------------------------------------------------------------------------------------------------------
